instance3
20  
83  
1  
20  
9 16 0
15 18 5.7
9 11 0.2
11 18 3.3
8 15 8.3
10 13 0.8
7 14 5.4
11 13 5.7
2 6 3.6
7 8 6.5
7 18 0.5
8 17 1.9
16 17 5.5
8 13 2.9
9 15 2.4
2 14 1.2
18 19 9.9
12 14 0
16 19 10
4 14 6.6
4 15 2.4
5 8 3.4
13 16 7.2
8 19 1.8
11 14 7.8
8 10 4.1
16 18 8.8
17 19 4.2
12 15 5.8
2 12 7.7
14 15 2.1
12 16 3.1
13 17 8.5
15 17 3.4
3 9 1.7
7 10 1.8
8 12 0.8
1 13 7.2
1 12 2.9
4 10 5.4
13 15 4.8
14 16 2.1
8 14 0.6
2 17 4.1
4 6 0.7
8 18 3.4
10 15 5.4
6 13 0.2
19 20 1.7
6 12 3.1
6 16 3.3
5 11 3.6
1 8 7.4
10 12 7.2
5 9 4.3
11 15 0.7
5 12 1.1
12 17 8.8
6 15 5
7 9 9.1
7 12 3.5
14 19 2.4
15 16 1.6
7 15 0.5
11 17 9.5
13 19 3.5
15 19 4
10 18 3.7
4 18 5.5
2 4 8.6
3 15 2.1
3 14 4
9 10 4.8
13 14 4.5
4 17 0.7
6 9 6.3
14 18 6.8
1 4 8.7
17 18 7.3
4 8 4.9
11 16 3.7
12 19 8.4
2 13 3.8









































