instance5 
30  
138
1  
30  
2 28 0.8
6 14 1.7
24 28 1.2
15 21 2.1
15 18 4.3
19 22 2.5
25 27 2.4
6 15 1.7
17 28 8.1
9 28 6.2
22 29 0.8
24 25 6.6
11 13 4.4
17 18 1.3
10 29 3.1
27 29 3.7
23 25 5.3
12 16 3.6
16 18 1.9
21 26 7.7
21 25 4
2 18 6.9
22 25 7
8 17 0.6
24 27 7.1
4 8 1.8
24 26 3.4
12 19 7.8
12 21 8.9
29 30 6.1
14 21 1.8
12 17 7.4
18 21 9.5
22 24 5.1
23 27 2.1
28 29 1.7
20 23 9.3
16 22 7.4
16 25 2.5
13 25 4.3
12 25 8.9
9 11 3.5
15 26 9.4
8 11 1.3
26 29 1.7
27 28 6.5
4 18 5.8
7 25 7.9
23 24 2.5
18 23 6.6
19 20 4.2
8 15 5.5
21 24 2.6
9 25 6.9
22 26 5.9
5 18 5.8
20 25 1.6
11 15 7.7
13 28 6.8
4 5 1.6
14 25 4.6
1 21 6
15 17 1
13 20 1.4
2 17 6.8
1 18 7.6
14 20 8.2
9 12 1.9
11 23 9.8
6 7 4.4
6 27 9.2
5 22 3.9
19 28 8.6
25 29 7.8
25 28 3.7
4 25 0.2
20 26 4.5
12 23 4.2
7 22 9.2
20 27 3.5
15 25 6.4
1 22 1.5
23 29 7.8
6 11 5.2
14 27 1.7
4 9 7.8
11 19 7.6
14 17 8.7
10 22 4.6
12 27 6.8
7 19 8.8
12 20 1
14 24 3.5
3 15 7.1
15 23 4.7
18 25 9.9
1 7 1.7
10 23 7
14 22 5.1
5 12 2.8
18 22 2
2 4 7.1
7 9 1.5
13 27 4.1
9 17 5.9
22 28 2.9
26 27 6.1
20 22 2.6
22 27 3
9 13 6.6
13 14 2.2
16 21 8.7
9 26 2.7
13 22 6.2
14 18 3.6
5 29 8
8 14 2.8
6 24 3.6
1 23 0.9
3 5 6.8
17 21 1.9
5 14 4.6
16 24 5.3
6 26 7.8
8 13 7.3
12 14 9
12 28 8.7
13 21 8.2
14 19 4.3
19 21 7.6
1 8 9.5
14 16 0.6
21 28 3.9
10 25 2.3
3 22 0.3
18 28 3.2
1 24 9.2
3 12 5.3













































