instance4
25  
109 
1  
25  
20 24 7.1
18 23 1.9
5 13 9.9
21 24 1.4
10 13 8.5
6 13 1.4
7 16 4.1
24 25 8.2
6 22 1.2
11 14 9.5
23 24 1.3
1 11 0.4
4 20 6
7 22 5.6
15 20 9.5
22 24 6.7
6 21 9.8
14 15 6.6
19 22 0.2
21 22 4.5
13 21 7.5
10 14 6.5
2 14 0.6
19 24 8.3
3 4 9.7
3 22 6.8
20 22 8.1
12 22 8.7
12 16 1
4 17 6.6
6 9 5.8
16 22 5.3
14 21 7.8
6 14 4.4
10 23 3.3
14 16 9.1
11 24 7.5
14 20 4.2
10 24 5
22 23 2.1
17 19 1.1
7 19 8.7
13 22 8.4
13 17 9
18 21 1.7
20 23 0.6
17 18 7.4
15 19 1
7 24 2.8
8 21 3.6
8 9 6.9
16 18 0.6
16 20 9.5
18 22 9.7
15 24 8
16 17 3.5
8 20 7.2
11 16 0.8
3 7 4.4
7 10 9.6
9 23 9.8
17 22 2.7
9 13 3.6
8 17 0.5
3 5 0.9
9 12 4.9
10 20 3.6
14 22 2.8
13 19 3.4
3 18 5.1
8 13 6.7
8 19 2.4
11 17 1.8
18 20 5.4
3 10 1.7
15 17 7.9
10 15 1.1
5 24 7.3
5 8 9.4
3 9 9.7
14 19 8.8
16 19 1.2
4 11 1.1
10 16 7.5
4 10 2.1
12 17 8.3
4 19 8.1
18 19 5.6
11 22 1.5
4 5 7
17 21 4.4
7 17 2.4
11 19 8.4
5 15 4.1
12 15 3
2 9 8.5
6 10 6.6
14 24 3.2
11 12 5.2
17 23 8.8
4 8 1
12 20 9.1
4 6 5.3
13 20 2.4
4 16 7.4
10 17 1.3
12 18 5.7
19 21 2.1
3 17 3.7


































